 P                  1.12657600   -0.06424100   -0.16604300
 F                  0.93272600   -1.07140200    1.06517300
 C                  1.65165500    1.44016000    0.69363200
 H                  2.62673900    1.27187900    1.15866200
 H                  1.74466600    2.24928100   -0.03563200
 H                  0.93302000    1.73157200    1.46535300
 O                 -0.38315500    0.17813500   -0.64941900
 C                 -1.55660300    0.10853600    0.21996000
 H                 -1.24301200    0.31972800    1.24997600
 C                 -2.51222200    1.19278700   -0.25794100
 H                 -3.41869500    1.19543600    0.35715800
 H                 -2.04591600    2.18090400   -0.19427100
 H                 -2.79939300    1.01377400   -1.29928900
 C                 -2.14230600   -1.29580300    0.14147000
 H                 -1.41615100   -2.03693500    0.48548400
 H                 -3.03676000   -1.36791000    0.77068500
 H                 -2.42176500   -1.53177100   -0.89061700
 O                  2.02577400   -0.56486000   -1.21884900
