-9.406612122799611e-07
0.00029312644608533496
-0.22254411281934752
-0.00030965953227782343
-0.000619534374434519
-0.22305860754790405
0.0003057075857183202
-0.0004430596366124804
-0.22246747795251529
-1.845059492309744e-05
-0.00021363329083586553
-0.22307309036833853
0.0003863909708006167
-0.0005374150203222289
-0.22254077515668852
-0.0002264926442910302
8.353347386974184e-05
-0.22316092082486882
0.0005402143965408718
0.00023398811170946372
0.22261222651918056
0.00029789833668544634
0.0001664579016346069
0.22313591727791235
-0.000933747969349785
3.203339045564429e-05
0.22324066617826704
1.9631637435959347e-06
-1.2069209325006033e-05
0.2225277041841968
-0.0009337168437565684
7.613556701848795e-05
0.2231412622787331
0.00022654256761106236
-0.0001538362485797677
0.22324012392490217
