0.17405146517261774
0.1852025285230712
0.0006600675619648046
-0.17345294123767477
0.1850491816661849
-0.0010832316381992478
0.000611955739653231
-0.11555351007487923
-0.0005596160632799647
0.17415572296782159
0.18502497958381073
0.00010531154995356634
-0.1740721749157929
0.1851326705747195
-0.0007071128862825848
2.8952621513663863e-06
-0.11606505202520995
0.00015144783521649422
-0.16577352203683474
-0.18068100370662316
0.00032476134292515747
0.16648790708159875
-0.1806966905772375
0.00018540945044635064
0.00010148645880147179
0.10689868540850914
-7.167652943399066e-05
-0.16623157555475046
-0.180659391196395
0.000330522888451889
0.16570495531076873
-0.18075723114763365
0.0006052558183002811
-7.967422418487591e-05
0.10700000274825769
-5.52089224930261e-05
