-0.014946749479725935
0.17352139097086342
-0.00037035993820783874
-0.015661608508205287
-0.17360881978542164
0.00025040915128669746
0.2857182839854862
-0.0006148400486070524
0.00045948447472156693
-0.015103109371378135
0.17412327692675608
-9.937082830381454e-05
-0.015559755468354886
-0.17413932843431845
0.00039026340693852326
0.2859090032012773
-8.938561805759878e-05
-0.00013394716815139345
0.010913990919703239
-0.1664052753806097
0.0005431056437905193
0.011460234614956825
0.1663155467988073
-0.00024884469936897584
-0.2773621474227664
0.0006119725765054007
0.00013927622703103002
0.01110281911743288
-0.16631470538104492
8.772561012960075e-05
0.011027647243579419
0.1656890205011099
0.0002279287413240288
-0.27666354618697997
0.00045492499151161234
0.00022362081671857792
